1,918304,NA18939,0,JPT,34.915,2
1,918304,NA18940,0,JPT,35.470833333333296,2
1,918304,NA18941,0,JPT,35.7645833333333,2
1,918304,NA18942,0,JPT,35.2592156862745,2
1,918304,NA18943,0,JPT,35.71875,2
1,918304,NA18944,0,JPT,35.6504166666667,2
1,918304,NA18945,0,JPT,35.5022,2
1,918304,NA18946,0,JPT,36.06,2
1,918304,NA18947,0,JPT,35.7735416666667,2
1,918304,NA18948,0,JPT,35.7197916666667,2
1,918304,NA18949,0,JPT,35.6245833333333,2
1,918304,NA18950,0,JPT,25.5233333333333,2
1,918304,NA18951,0,JPT,35.739375,2
1,918304,NA18952,0,JPT,35.412291666666704,2
1,918304,NA18953,0,JPT,21.903000000000002,2
1,918304,NA18954,0,JPT,33.88,2
1,918304,NA18956,0,JPT,35.71875,2
1,918304,NA18957,0,JPT,34.925,2
1,918304,NA18959,0,JPT,29.4055,2
1,918304,NA18960,0,JPT,32.9258333333333,2
1,918304,NA18961,0,JPT,26.173000000000002,2
1,918304,NA18962,0,JPT,35.395,2
1,918304,NA18963,0,JPT,31.217,2
1,918304,NA18964,0,JPT,28.19125,2
1,918304,NA18965,0,JPT,35.5418367346939,2
1,918304,NA18966,0,JPT,36.78,2
1,918304,NA18967,0,JPT,33.74,2
1,918304,NA18968,0,JPT,36.78,2
1,918304,NA18969,0,JPT,35.09,2
1,918304,NA18970,0,JPT,38.78,2
1,918304,NA18971,0,JPT,37.88,2
1,918304,NA18972,0,JPT,33.815,2
1,918304,NA18973,0,JPT,35.745208333333295,2
1,918304,NA18974,0,JPT,36.76,2
1,918304,NA18975,0,JPT,38.19,2
1,918304,NA18976,0,JPT,38.51,2
1,918304,NA18977,0,JPT,32.135,2
1,918304,NA18978,0,JPT,36.29,2
1,918304,NA18979,0,JPT,37.18,2
1,918304,NA18980,0,JPT,35.6544,2
1,918304,NA18981,1,JPT,38.98,2
1,918304,NA18982,0,JPT,26.349354838709697,2
1,918304,NA18983,0,JPT,24.251666666666697,2
1,918304,NA18984,0,JPT,26.56125,2
1,918304,NA18985,0,JPT,27.67,2
1,918304,NA18986,0,JPT,26.5971875,2
1,918304,NA18987,0,JPT,29.143333333333302,2
1,918304,NA18988,0,JPT,29.0179166666667,2
1,918304,NA18989,0,JPT,30.701875,2
1,918304,NA18990,0,JPT,33.035,2
1,918304,NA18991,0,JPT,36.5,2
1,918304,NA18992,0,JPT,34.03,2
1,918304,NA18993,0,JPT,37.785,2
1,918304,NA18994,0,JPT,34.56,2
1,918304,NA18995,0,JPT,37.33,2
1,918304,NA18997,0,JPT,37.87,2
1,918304,NA18998,0,JPT,37.485,2
1,918304,NA18999,0,JPT,27.942857142857104,2
1,918304,NA19000,0,JPT,24.3279166666667,2
1,918304,NA19001,0,JPT,34.885,2
1,918304,NA19002,0,JPT,29.082857142857105,2
1,918304,NA19003,0,JPT,24.398888888888898,2
1,918304,NA19004,0,JPT,28.5763157894737,2
1,918304,NA19005,0,JPT,29.943333333333303,2
1,918304,NA19006,0,JPT,34.67,2
1,918304,NA19007,0,JPT,26.334444444444397,2
1,918304,NA19009,0,JPT,29.01,2
1,918304,NA19010,0,JPT,28.9477777777778,2
1,918304,NA19011,0,JPT,35.605,2
1,918304,NA19012,0,JPT,25.57875,2
1,918304,NA19054,0,JPT,26.0075,2
1,918304,NA19055,0,JPT,22.817692307692298,2
1,918304,NA19056,0,JPT,26.57,2
1,918304,NA19057,0,JPT,27.9222222222222,2
1,918304,NA19058,0,JPT,27.872916666666697,2
1,918304,NA19059,0,JPT,29.5783333333333,2
1,918304,NA19060,0,JPT,25.33,2
1,918304,NA19062,0,JPT,29.5572727272727,2
1,918304,NA19063,0,JPT,29.6838095238095,2
1,918304,NA19064,0,JPT,27.6545,2
1,918304,NA19065,0,JPT,24.39125,2
1,918304,NA19066,0,JPT,24.1429166666667,2
1,918304,NA19067,0,JPT,28.625999999999998,2
1,918304,NA19068,0,JPT,25.043548387096802,2
1,918304,NA19070,0,JPT,27.81375,2
1,918304,NA19072,0,JPT,34.74375,2
1,918304,NA19074,0,JPT,34.6325,2
1,918304,NA19075,0,JPT,32.096,2
1,918304,NA19076,0,JPT,32.7833333333333,2
1,918304,NA19077,0,JPT,31.665,2
1,918304,NA19078,0,JPT,35.74375,2
1,918304,NA19079,0,JPT,28.906,2
1,918304,NA19080,0,JPT,29.22,2
1,918304,NA19081,0,JPT,28.045,2
1,918304,NA19082,0,JPT,33.56,2
1,918304,NA19083,0,JPT,29.7757142857143,2
1,918304,NA19084,0,JPT,28.5325,2
1,918304,NA19085,0,JPT,33.98285714285711,2
1,918304,NA19086,0,JPT,37.04,2
1,918304,NA19087,0,JPT,27.46125,2
1,918304,NA19088,0,JPT,29.1116666666667,2
1,918304,NA19089,0,JPT,35.685,2
1,918304,NA19090,0,JPT,36.03,2
1,918304,NA19091,0,JPT,36.655,2
