1,79458229,NA18939,0,JPT,34.915,2
1,79458229,NA18940,0,JPT,35.470833333333296,2
1,79458229,NA18941,0,JPT,35.7645833333333,2
1,79458229,NA18942,0,JPT,35.2592156862745,2
1,79458229,NA18943,0,JPT,35.71875,2
1,79458229,NA18944,0,JPT,35.6504166666667,2
1,79458229,NA18945,0,JPT,35.5022,2
1,79458229,NA18946,0,JPT,36.06,2
1,79458229,NA18947,0,JPT,35.7735416666667,2
1,79458229,NA18948,0,JPT,35.7197916666667,2
1,79458229,NA18949,0,JPT,35.6245833333333,2
1,79458229,NA18950,0,JPT,25.5233333333333,2
1,79458229,NA18951,0,JPT,35.739375,2
1,79458229,NA18952,0,JPT,35.412291666666704,2
1,79458229,NA18953,1,JPT,21.903000000000002,2
1,79458229,NA18954,0,JPT,33.88,2
1,79458229,NA18956,0,JPT,35.71875,2
1,79458229,NA18957,0,JPT,34.925,2
1,79458229,NA18959,0,JPT,29.4055,2
1,79458229,NA18960,0,JPT,32.9258333333333,2
1,79458229,NA18961,0,JPT,26.173000000000002,2
1,79458229,NA18962,0,JPT,35.395,2
1,79458229,NA18963,0,JPT,31.217,2
1,79458229,NA18964,0,JPT,28.19125,2
1,79458229,NA18965,0,JPT,35.5418367346939,2
1,79458229,NA18966,0,JPT,36.78,2
1,79458229,NA18967,0,JPT,33.74,2
1,79458229,NA18968,0,JPT,36.78,2
1,79458229,NA18969,0,JPT,35.09,2
1,79458229,NA18970,0,JPT,38.78,2
1,79458229,NA18971,0,JPT,37.88,2
1,79458229,NA18972,0,JPT,33.815,2
1,79458229,NA18973,0,JPT,35.745208333333295,2
1,79458229,NA18974,0,JPT,36.76,2
1,79458229,NA18975,0,JPT,38.19,2
1,79458229,NA18976,0,JPT,38.51,2
1,79458229,NA18977,0,JPT,32.135,2
1,79458229,NA18978,0,JPT,36.29,2
1,79458229,NA18979,0,JPT,37.18,2
1,79458229,NA18980,0,JPT,35.6544,2
1,79458229,NA18981,0,JPT,38.98,2
1,79458229,NA18982,1,JPT,26.349354838709697,2
1,79458229,NA18983,1,JPT,24.251666666666697,2
1,79458229,NA18984,0,JPT,26.56125,2
1,79458229,NA18985,0,JPT,27.67,2
1,79458229,NA18986,1,JPT,26.5971875,2
1,79458229,NA18987,0,JPT,29.143333333333302,2
1,79458229,NA18988,0,JPT,29.0179166666667,2
1,79458229,NA18989,1,JPT,30.701875,2
1,79458229,NA18990,0,JPT,33.035,2
1,79458229,NA18991,0,JPT,36.5,2
1,79458229,NA18992,0,JPT,34.03,2
1,79458229,NA18993,0,JPT,37.785,2
1,79458229,NA18994,0,JPT,34.56,2
1,79458229,NA18995,0,JPT,37.33,2
1,79458229,NA18997,0,JPT,37.87,2
1,79458229,NA18998,0,JPT,37.485,2
1,79458229,NA18999,0,JPT,27.942857142857104,2
1,79458229,NA19000,1,JPT,24.3279166666667,2
1,79458229,NA19001,0,JPT,34.885,2
1,79458229,NA19002,0,JPT,29.082857142857105,2
1,79458229,NA19003,0,JPT,24.398888888888898,2
1,79458229,NA19004,0,JPT,28.5763157894737,2
1,79458229,NA19005,0,JPT,29.943333333333303,2
1,79458229,NA19006,0,JPT,34.67,2
1,79458229,NA19007,0,JPT,26.334444444444397,2
1,79458229,NA19009,0,JPT,29.01,2
1,79458229,NA19010,0,JPT,28.9477777777778,2
1,79458229,NA19011,0,JPT,35.605,2
1,79458229,NA19012,0,JPT,25.57875,2
1,79458229,NA19054,1,JPT,26.0075,2
1,79458229,NA19055,0,JPT,22.817692307692298,2
1,79458229,NA19056,0,JPT,26.57,2
1,79458229,NA19057,0,JPT,27.9222222222222,2
1,79458229,NA19058,0,JPT,27.872916666666697,2
1,79458229,NA19059,0,JPT,29.5783333333333,2
1,79458229,NA19060,0,JPT,25.33,2
1,79458229,NA19062,0,JPT,29.5572727272727,2
1,79458229,NA19063,0,JPT,29.6838095238095,2
1,79458229,NA19064,0,JPT,27.6545,2
1,79458229,NA19065,1,JPT,24.39125,2
1,79458229,NA19066,1,JPT,24.1429166666667,2
1,79458229,NA19067,0,JPT,28.625999999999998,2
1,79458229,NA19068,1,JPT,25.043548387096802,2
1,79458229,NA19070,0,JPT,27.81375,2
1,79458229,NA19072,0,JPT,34.74375,2
1,79458229,NA19074,0,JPT,34.6325,2
1,79458229,NA19075,0,JPT,32.096,2
1,79458229,NA19076,0,JPT,32.7833333333333,2
1,79458229,NA19077,0,JPT,31.665,2
1,79458229,NA19078,0,JPT,35.74375,2
1,79458229,NA19079,0,JPT,28.906,2
1,79458229,NA19080,0,JPT,29.22,2
1,79458229,NA19081,0,JPT,28.045,2
1,79458229,NA19082,0,JPT,33.56,2
1,79458229,NA19083,0,JPT,29.7757142857143,2
1,79458229,NA19084,0,JPT,28.5325,2
1,79458229,NA19085,0,JPT,33.98285714285711,2
1,79458229,NA19086,0,JPT,37.04,2
1,79458229,NA19087,0,JPT,27.46125,2
1,79458229,NA19088,0,JPT,29.1116666666667,2
1,79458229,NA19089,0,JPT,35.685,2
1,79458229,NA19090,0,JPT,36.03,2
1,79458229,NA19091,0,JPT,36.655,2
1,145632368,NA18939,0,JPT,34.915,2
1,145632368,NA18940,0,JPT,35.470833333333296,2
1,145632368,NA18941,0,JPT,35.7645833333333,2
1,145632368,NA18942,0,JPT,35.2592156862745,2
1,145632368,NA18943,0,JPT,35.71875,2
1,145632368,NA18944,0,JPT,35.6504166666667,2
1,145632368,NA18945,0,JPT,35.5022,2
1,145632368,NA18946,0,JPT,36.06,2
1,145632368,NA18947,0,JPT,35.7735416666667,2
1,145632368,NA18948,0,JPT,35.7197916666667,2
1,145632368,NA18949,0,JPT,35.6245833333333,2
1,145632368,NA18950,1,JPT,25.5233333333333,2
1,145632368,NA18951,0,JPT,35.739375,2
1,145632368,NA18952,0,JPT,35.412291666666704,2
1,145632368,NA18953,0,JPT,21.903000000000002,2
1,145632368,NA18954,0,JPT,33.88,2
1,145632368,NA18956,0,JPT,35.71875,2
1,145632368,NA18957,0,JPT,34.925,2
1,145632368,NA18959,0,JPT,29.4055,2
1,145632368,NA18960,0,JPT,32.9258333333333,2
1,145632368,NA18961,0,JPT,26.173000000000002,2
1,145632368,NA18962,0,JPT,35.395,2
1,145632368,NA18963,0,JPT,31.217,2
1,145632368,NA18964,0,JPT,28.19125,2
1,145632368,NA18965,0,JPT,35.5418367346939,2
1,145632368,NA18966,0,JPT,36.78,2
1,145632368,NA18967,0,JPT,33.74,2
1,145632368,NA18968,0,JPT,36.78,2
1,145632368,NA18969,0,JPT,35.09,2
1,145632368,NA18970,0,JPT,38.78,2
1,145632368,NA18971,0,JPT,37.88,2
1,145632368,NA18972,0,JPT,33.815,2
1,145632368,NA18973,0,JPT,35.745208333333295,2
1,145632368,NA18974,0,JPT,36.76,2
1,145632368,NA18975,0,JPT,38.19,2
1,145632368,NA18976,0,JPT,38.51,2
1,145632368,NA18977,0,JPT,32.135,2
1,145632368,NA18978,0,JPT,36.29,2
1,145632368,NA18979,0,JPT,37.18,2
1,145632368,NA18980,0,JPT,35.6544,2
1,145632368,NA18981,0,JPT,38.98,2
1,145632368,NA18982,0,JPT,26.349354838709697,2
1,145632368,NA18983,1,JPT,24.251666666666697,2
1,145632368,NA18984,0,JPT,26.56125,2
1,145632368,NA18985,0,JPT,27.67,2
1,145632368,NA18986,0,JPT,26.5971875,2
1,145632368,NA18987,0,JPT,29.143333333333302,2
1,145632368,NA18988,0,JPT,29.0179166666667,2
1,145632368,NA18989,0,JPT,30.701875,2
1,145632368,NA18990,0,JPT,33.035,2
1,145632368,NA18991,0,JPT,36.5,2
1,145632368,NA18992,0,JPT,34.03,2
1,145632368,NA18993,0,JPT,37.785,2
1,145632368,NA18994,0,JPT,34.56,2
1,145632368,NA18995,0,JPT,37.33,2
1,145632368,NA18997,0,JPT,37.87,2
1,145632368,NA18998,0,JPT,37.485,2
1,145632368,NA18999,1,JPT,27.942857142857104,2
1,145632368,NA19000,1,JPT,24.3279166666667,2
1,145632368,NA19001,0,JPT,34.885,2
1,145632368,NA19002,0,JPT,29.082857142857105,2
1,145632368,NA19003,0,JPT,24.398888888888898,2
1,145632368,NA19004,0,JPT,28.5763157894737,2
1,145632368,NA19005,0,JPT,29.943333333333303,2
1,145632368,NA19006,0,JPT,34.67,2
1,145632368,NA19007,0,JPT,26.334444444444397,2
1,145632368,NA19009,0,JPT,29.01,2
1,145632368,NA19010,0,JPT,28.9477777777778,2
1,145632368,NA19011,0,JPT,35.605,2
1,145632368,NA19012,0,JPT,25.57875,2
1,145632368,NA19054,1,JPT,26.0075,2
1,145632368,NA19055,0,JPT,22.817692307692298,2
1,145632368,NA19056,0,JPT,26.57,2
1,145632368,NA19057,0,JPT,27.9222222222222,2
1,145632368,NA19058,1,JPT,27.872916666666697,2
1,145632368,NA19059,0,JPT,29.5783333333333,2
1,145632368,NA19060,0,JPT,25.33,2
1,145632368,NA19062,0,JPT,29.5572727272727,2
1,145632368,NA19063,0,JPT,29.6838095238095,2
1,145632368,NA19064,0,JPT,27.6545,2
1,145632368,NA19065,1,JPT,24.39125,2
1,145632368,NA19066,1,JPT,24.1429166666667,2
1,145632368,NA19067,0,JPT,28.625999999999998,2
1,145632368,NA19068,1,JPT,25.043548387096802,2
1,145632368,NA19070,0,JPT,27.81375,2
1,145632368,NA19072,0,JPT,34.74375,2
1,145632368,NA19074,0,JPT,34.6325,2
1,145632368,NA19075,0,JPT,32.096,2
1,145632368,NA19076,0,JPT,32.7833333333333,2
1,145632368,NA19077,0,JPT,31.665,2
1,145632368,NA19078,0,JPT,35.74375,2
1,145632368,NA19079,0,JPT,28.906,2
1,145632368,NA19080,0,JPT,29.22,2
1,145632368,NA19081,0,JPT,28.045,2
1,145632368,NA19082,0,JPT,33.56,2
1,145632368,NA19083,0,JPT,29.7757142857143,2
1,145632368,NA19084,0,JPT,28.5325,2
1,145632368,NA19085,0,JPT,33.98285714285711,2
1,145632368,NA19086,0,JPT,37.04,2
1,145632368,NA19087,1,JPT,27.46125,2
1,145632368,NA19088,0,JPT,29.1116666666667,2
1,145632368,NA19089,0,JPT,35.685,2
1,145632368,NA19090,0,JPT,36.03,2
1,145632368,NA19091,0,JPT,36.655,2
3,143028492,NA18939,0,JPT,34.915,2
3,143028492,NA18940,0,JPT,35.470833333333296,2
3,143028492,NA18941,0,JPT,35.7645833333333,2
3,143028492,NA18942,0,JPT,35.2592156862745,2
3,143028492,NA18943,0,JPT,35.71875,2
3,143028492,NA18944,0,JPT,35.6504166666667,2
3,143028492,NA18945,0,JPT,35.5022,2
3,143028492,NA18946,0,JPT,36.06,2
3,143028492,NA18947,0,JPT,35.7735416666667,2
3,143028492,NA18948,0,JPT,35.7197916666667,2
3,143028492,NA18949,0,JPT,35.6245833333333,2
3,143028492,NA18950,0,JPT,25.5233333333333,2
3,143028492,NA18951,0,JPT,35.739375,2
3,143028492,NA18952,0,JPT,35.412291666666704,2
3,143028492,NA18953,0,JPT,21.903000000000002,2
3,143028492,NA18954,0,JPT,33.88,2
3,143028492,NA18956,0,JPT,35.71875,2
3,143028492,NA18957,0,JPT,34.925,2
3,143028492,NA18959,0,JPT,29.4055,2
3,143028492,NA18960,0,JPT,32.9258333333333,2
3,143028492,NA18961,0,JPT,26.173000000000002,2
3,143028492,NA18962,0,JPT,35.395,2
3,143028492,NA18963,0,JPT,31.217,2
3,143028492,NA18964,0,JPT,28.19125,2
3,143028492,NA18965,0,JPT,35.5418367346939,2
3,143028492,NA18966,0,JPT,36.78,2
3,143028492,NA18967,0,JPT,33.74,2
3,143028492,NA18968,0,JPT,36.78,2
3,143028492,NA18969,0,JPT,35.09,2
3,143028492,NA18970,1,JPT,38.78,2
3,143028492,NA18971,0,JPT,37.88,2
3,143028492,NA18972,0,JPT,33.815,2
3,143028492,NA18973,0,JPT,35.745208333333295,2
3,143028492,NA18974,0,JPT,36.76,2
3,143028492,NA18975,0,JPT,38.19,2
3,143028492,NA18976,1,JPT,38.51,2
3,143028492,NA18977,0,JPT,32.135,2
3,143028492,NA18978,0,JPT,36.29,2
3,143028492,NA18979,0,JPT,37.18,2
3,143028492,NA18980,0,JPT,35.6544,2
3,143028492,NA18981,1,JPT,38.98,2
3,143028492,NA18982,0,JPT,26.349354838709697,2
3,143028492,NA18983,0,JPT,24.251666666666697,2
3,143028492,NA18984,0,JPT,26.56125,2
3,143028492,NA18985,0,JPT,27.67,2
3,143028492,NA18986,0,JPT,26.5971875,2
3,143028492,NA18987,0,JPT,29.143333333333302,2
3,143028492,NA18988,0,JPT,29.0179166666667,2
3,143028492,NA18989,0,JPT,30.701875,2
3,143028492,NA18990,0,JPT,33.035,2
3,143028492,NA18991,0,JPT,36.5,2
3,143028492,NA18992,0,JPT,34.03,2
3,143028492,NA18993,0,JPT,37.785,2
3,143028492,NA18994,0,JPT,34.56,2
3,143028492,NA18995,0,JPT,37.33,2
3,143028492,NA18997,0,JPT,37.87,2
3,143028492,NA18998,0,JPT,37.485,2
3,143028492,NA18999,0,JPT,27.942857142857104,2
3,143028492,NA19000,0,JPT,24.3279166666667,2
3,143028492,NA19001,0,JPT,34.885,2
3,143028492,NA19002,0,JPT,29.082857142857105,2
3,143028492,NA19003,0,JPT,24.398888888888898,2
3,143028492,NA19004,0,JPT,28.5763157894737,2
3,143028492,NA19005,0,JPT,29.943333333333303,2
3,143028492,NA19006,0,JPT,34.67,2
3,143028492,NA19007,0,JPT,26.334444444444397,2
3,143028492,NA19009,0,JPT,29.01,2
3,143028492,NA19010,0,JPT,28.9477777777778,2
3,143028492,NA19011,0,JPT,35.605,2
3,143028492,NA19012,0,JPT,25.57875,2
3,143028492,NA19054,0,JPT,26.0075,2
3,143028492,NA19055,0,JPT,22.817692307692298,2
3,143028492,NA19056,0,JPT,26.57,2
3,143028492,NA19057,0,JPT,27.9222222222222,2
3,143028492,NA19058,0,JPT,27.872916666666697,2
3,143028492,NA19059,0,JPT,29.5783333333333,2
3,143028492,NA19060,0,JPT,25.33,2
3,143028492,NA19062,0,JPT,29.5572727272727,2
3,143028492,NA19063,0,JPT,29.6838095238095,2
3,143028492,NA19064,0,JPT,27.6545,2
3,143028492,NA19065,0,JPT,24.39125,2
3,143028492,NA19066,0,JPT,24.1429166666667,2
3,143028492,NA19067,0,JPT,28.625999999999998,2
3,143028492,NA19068,0,JPT,25.043548387096802,2
3,143028492,NA19070,0,JPT,27.81375,2
3,143028492,NA19072,0,JPT,34.74375,2
3,143028492,NA19074,0,JPT,34.6325,2
3,143028492,NA19075,0,JPT,32.096,2
3,143028492,NA19076,0,JPT,32.7833333333333,2
3,143028492,NA19077,0,JPT,31.665,2
3,143028492,NA19078,0,JPT,35.74375,2
3,143028492,NA19079,0,JPT,28.906,2
3,143028492,NA19080,0,JPT,29.22,2
3,143028492,NA19081,0,JPT,28.045,2
3,143028492,NA19082,0,JPT,33.56,2
3,143028492,NA19083,0,JPT,29.7757142857143,2
3,143028492,NA19084,0,JPT,28.5325,2
3,143028492,NA19085,0,JPT,33.98285714285711,2
3,143028492,NA19086,0,JPT,37.04,2
3,143028492,NA19087,0,JPT,27.46125,2
3,143028492,NA19088,0,JPT,29.1116666666667,2
3,143028492,NA19089,0,JPT,35.685,2
3,143028492,NA19090,0,JPT,36.03,2
3,143028492,NA19091,0,JPT,36.655,2
4,17933065,NA18939,0,JPT,34.915,2
4,17933065,NA18940,0,JPT,35.470833333333296,2
4,17933065,NA18941,0,JPT,35.7645833333333,2
4,17933065,NA18942,0,JPT,35.2592156862745,2
4,17933065,NA18943,0,JPT,35.71875,2
4,17933065,NA18944,0,JPT,35.6504166666667,2
4,17933065,NA18945,0,JPT,35.5022,2
4,17933065,NA18946,0,JPT,36.06,2
4,17933065,NA18947,0,JPT,35.7735416666667,2
4,17933065,NA18948,0,JPT,35.7197916666667,2
4,17933065,NA18949,0,JPT,35.6245833333333,2
4,17933065,NA18950,0,JPT,25.5233333333333,2
4,17933065,NA18951,0,JPT,35.739375,2
4,17933065,NA18952,0,JPT,35.412291666666704,2
4,17933065,NA18953,1,JPT,21.903000000000002,2
4,17933065,NA18954,0,JPT,33.88,2
4,17933065,NA18956,0,JPT,35.71875,2
4,17933065,NA18957,0,JPT,34.925,2
4,17933065,NA18959,0,JPT,29.4055,2
4,17933065,NA18960,0,JPT,32.9258333333333,2
4,17933065,NA18961,1,JPT,26.173000000000002,2
4,17933065,NA18962,0,JPT,35.395,2
4,17933065,NA18963,0,JPT,31.217,2
4,17933065,NA18964,0,JPT,28.19125,2
4,17933065,NA18965,0,JPT,35.5418367346939,2
4,17933065,NA18966,0,JPT,36.78,2
4,17933065,NA18967,0,JPT,33.74,2
4,17933065,NA18968,0,JPT,36.78,2
4,17933065,NA18969,0,JPT,35.09,2
4,17933065,NA18970,0,JPT,38.78,2
4,17933065,NA18971,0,JPT,37.88,2
4,17933065,NA18972,0,JPT,33.815,2
4,17933065,NA18973,0,JPT,35.745208333333295,2
4,17933065,NA18974,0,JPT,36.76,2
4,17933065,NA18975,0,JPT,38.19,2
4,17933065,NA18976,0,JPT,38.51,2
4,17933065,NA18977,0,JPT,32.135,2
4,17933065,NA18978,0,JPT,36.29,2
4,17933065,NA18979,0,JPT,37.18,2
4,17933065,NA18980,0,JPT,35.6544,2
4,17933065,NA18981,0,JPT,38.98,2
4,17933065,NA18982,0,JPT,26.349354838709697,2
4,17933065,NA18983,1,JPT,24.251666666666697,2
4,17933065,NA18984,0,JPT,26.56125,2
4,17933065,NA18985,0,JPT,27.67,2
4,17933065,NA18986,0,JPT,26.5971875,2
4,17933065,NA18987,0,JPT,29.143333333333302,2
4,17933065,NA18988,0,JPT,29.0179166666667,2
4,17933065,NA18989,0,JPT,30.701875,2
4,17933065,NA18990,0,JPT,33.035,2
4,17933065,NA18991,0,JPT,36.5,2
4,17933065,NA18992,0,JPT,34.03,2
4,17933065,NA18993,0,JPT,37.785,2
4,17933065,NA18994,0,JPT,34.56,2
4,17933065,NA18995,0,JPT,37.33,2
4,17933065,NA18997,0,JPT,37.87,2
4,17933065,NA18998,0,JPT,37.485,2
4,17933065,NA18999,0,JPT,27.942857142857104,2
4,17933065,NA19000,1,JPT,24.3279166666667,2
4,17933065,NA19001,0,JPT,34.885,2
4,17933065,NA19002,0,JPT,29.082857142857105,2
4,17933065,NA19003,0,JPT,24.398888888888898,2
4,17933065,NA19004,0,JPT,28.5763157894737,2
4,17933065,NA19005,0,JPT,29.943333333333303,2
4,17933065,NA19006,0,JPT,34.67,2
4,17933065,NA19007,0,JPT,26.334444444444397,2
4,17933065,NA19009,0,JPT,29.01,2
4,17933065,NA19010,0,JPT,28.9477777777778,2
4,17933065,NA19011,0,JPT,35.605,2
4,17933065,NA19012,0,JPT,25.57875,2
4,17933065,NA19054,0,JPT,26.0075,2
4,17933065,NA19055,0,JPT,22.817692307692298,2
4,17933065,NA19056,0,JPT,26.57,2
4,17933065,NA19057,0,JPT,27.9222222222222,2
4,17933065,NA19058,0,JPT,27.872916666666697,2
4,17933065,NA19059,0,JPT,29.5783333333333,2
4,17933065,NA19060,0,JPT,25.33,2
4,17933065,NA19062,0,JPT,29.5572727272727,2
4,17933065,NA19063,0,JPT,29.6838095238095,2
4,17933065,NA19064,0,JPT,27.6545,2
4,17933065,NA19065,1,JPT,24.39125,2
4,17933065,NA19066,0,JPT,24.1429166666667,2
4,17933065,NA19067,0,JPT,28.625999999999998,2
4,17933065,NA19068,1,JPT,25.043548387096802,2
4,17933065,NA19070,0,JPT,27.81375,2
4,17933065,NA19072,0,JPT,34.74375,2
4,17933065,NA19074,0,JPT,34.6325,2
4,17933065,NA19075,0,JPT,32.096,2
4,17933065,NA19076,0,JPT,32.7833333333333,2
4,17933065,NA19077,0,JPT,31.665,2
4,17933065,NA19078,0,JPT,35.74375,2
4,17933065,NA19079,0,JPT,28.906,2
4,17933065,NA19080,0,JPT,29.22,2
4,17933065,NA19081,0,JPT,28.045,2
4,17933065,NA19082,0,JPT,33.56,2
4,17933065,NA19083,0,JPT,29.7757142857143,2
4,17933065,NA19084,0,JPT,28.5325,2
4,17933065,NA19085,0,JPT,33.98285714285711,2
4,17933065,NA19086,0,JPT,37.04,2
4,17933065,NA19087,0,JPT,27.46125,2
4,17933065,NA19088,0,JPT,29.1116666666667,2
4,17933065,NA19089,0,JPT,35.685,2
4,17933065,NA19090,0,JPT,36.03,2
4,17933065,NA19091,0,JPT,36.655,2
4,59467192,NA18939,0,JPT,34.915,2
4,59467192,NA18940,0,JPT,35.470833333333296,2
4,59467192,NA18941,0,JPT,35.7645833333333,2
4,59467192,NA18942,0,JPT,35.2592156862745,2
4,59467192,NA18943,0,JPT,35.71875,2
4,59467192,NA18944,0,JPT,35.6504166666667,2
4,59467192,NA18945,0,JPT,35.5022,2
4,59467192,NA18946,0,JPT,36.06,2
4,59467192,NA18947,0,JPT,35.7735416666667,2
4,59467192,NA18948,0,JPT,35.7197916666667,2
4,59467192,NA18949,0,JPT,35.6245833333333,2
4,59467192,NA18950,1,JPT,25.5233333333333,2
4,59467192,NA18951,0,JPT,35.739375,2
4,59467192,NA18952,0,JPT,35.412291666666704,2
4,59467192,NA18953,1,JPT,21.903000000000002,2
4,59467192,NA18954,0,JPT,33.88,2
4,59467192,NA18956,0,JPT,35.71875,2
4,59467192,NA18957,0,JPT,34.925,2
4,59467192,NA18959,0,JPT,29.4055,2
4,59467192,NA18960,0,JPT,32.9258333333333,2
4,59467192,NA18961,0,JPT,26.173000000000002,2
4,59467192,NA18962,0,JPT,35.395,2
4,59467192,NA18963,0,JPT,31.217,2
4,59467192,NA18964,0,JPT,28.19125,2
4,59467192,NA18965,0,JPT,35.5418367346939,2
4,59467192,NA18966,0,JPT,36.78,2
4,59467192,NA18967,0,JPT,33.74,2
4,59467192,NA18968,0,JPT,36.78,2
4,59467192,NA18969,0,JPT,35.09,2
4,59467192,NA18970,0,JPT,38.78,2
4,59467192,NA18971,0,JPT,37.88,2
4,59467192,NA18972,0,JPT,33.815,2
4,59467192,NA18973,0,JPT,35.745208333333295,2
4,59467192,NA18974,0,JPT,36.76,2
4,59467192,NA18975,0,JPT,38.19,2
4,59467192,NA18976,0,JPT,38.51,2
4,59467192,NA18977,0,JPT,32.135,2
4,59467192,NA18978,0,JPT,36.29,2
4,59467192,NA18979,0,JPT,37.18,2
4,59467192,NA18980,0,JPT,35.6544,2
4,59467192,NA18981,0,JPT,38.98,2
4,59467192,NA18982,0,JPT,26.349354838709697,2
4,59467192,NA18983,1,JPT,24.251666666666697,2
4,59467192,NA18984,0,JPT,26.56125,2
4,59467192,NA18985,0,JPT,27.67,2
4,59467192,NA18986,1,JPT,26.5971875,2
4,59467192,NA18987,0,JPT,29.143333333333302,2
4,59467192,NA18988,0,JPT,29.0179166666667,2
4,59467192,NA18989,1,JPT,30.701875,2
4,59467192,NA18990,0,JPT,33.035,2
4,59467192,NA18991,0,JPT,36.5,2
4,59467192,NA18992,0,JPT,34.03,2
4,59467192,NA18993,0,JPT,37.785,2
4,59467192,NA18994,0,JPT,34.56,2
4,59467192,NA18995,0,JPT,37.33,2
4,59467192,NA18997,0,JPT,37.87,2
4,59467192,NA18998,0,JPT,37.485,2
4,59467192,NA18999,0,JPT,27.942857142857104,2
4,59467192,NA19000,1,JPT,24.3279166666667,2
4,59467192,NA19001,0,JPT,34.885,2
4,59467192,NA19002,0,JPT,29.082857142857105,2
4,59467192,NA19003,0,JPT,24.398888888888898,2
4,59467192,NA19004,0,JPT,28.5763157894737,2
4,59467192,NA19005,0,JPT,29.943333333333303,2
4,59467192,NA19006,0,JPT,34.67,2
4,59467192,NA19007,0,JPT,26.334444444444397,2
4,59467192,NA19009,0,JPT,29.01,2
4,59467192,NA19010,0,JPT,28.9477777777778,2
4,59467192,NA19011,0,JPT,35.605,2
4,59467192,NA19012,0,JPT,25.57875,2
4,59467192,NA19054,1,JPT,26.0075,2
4,59467192,NA19055,0,JPT,22.817692307692298,2
4,59467192,NA19056,0,JPT,26.57,2
4,59467192,NA19057,0,JPT,27.9222222222222,2
4,59467192,NA19058,0,JPT,27.872916666666697,2
4,59467192,NA19059,0,JPT,29.5783333333333,2
4,59467192,NA19060,0,JPT,25.33,2
4,59467192,NA19062,0,JPT,29.5572727272727,2
4,59467192,NA19063,0,JPT,29.6838095238095,2
4,59467192,NA19064,0,JPT,27.6545,2
4,59467192,NA19065,1,JPT,24.39125,2
4,59467192,NA19066,1,JPT,24.1429166666667,2
4,59467192,NA19067,0,JPT,28.625999999999998,2
4,59467192,NA19068,1,JPT,25.043548387096802,2
4,59467192,NA19070,0,JPT,27.81375,2
4,59467192,NA19072,0,JPT,34.74375,2
4,59467192,NA19074,0,JPT,34.6325,2
4,59467192,NA19075,0,JPT,32.096,2
4,59467192,NA19076,0,JPT,32.7833333333333,2
4,59467192,NA19077,0,JPT,31.665,2
4,59467192,NA19078,0,JPT,35.74375,2
4,59467192,NA19079,0,JPT,28.906,2
4,59467192,NA19080,0,JPT,29.22,2
4,59467192,NA19081,0,JPT,28.045,2
4,59467192,NA19082,0,JPT,33.56,2
4,59467192,NA19083,0,JPT,29.7757142857143,2
4,59467192,NA19084,0,JPT,28.5325,2
4,59467192,NA19085,0,JPT,33.98285714285711,2
4,59467192,NA19086,0,JPT,37.04,2
4,59467192,NA19087,0,JPT,27.46125,2
4,59467192,NA19088,0,JPT,29.1116666666667,2
4,59467192,NA19089,0,JPT,35.685,2
4,59467192,NA19090,0,JPT,36.03,2
4,59467192,NA19091,0,JPT,36.655,2
5,147565789,NA18939,0,JPT,34.915,2
5,147565789,NA18940,0,JPT,35.470833333333296,2
5,147565789,NA18941,0,JPT,35.7645833333333,2
5,147565789,NA18942,0,JPT,35.2592156862745,2
5,147565789,NA18943,0,JPT,35.71875,2
5,147565789,NA18944,0,JPT,35.6504166666667,2
5,147565789,NA18945,0,JPT,35.5022,2
5,147565789,NA18946,0,JPT,36.06,2
5,147565789,NA18947,0,JPT,35.7735416666667,2
5,147565789,NA18948,0,JPT,35.7197916666667,2
5,147565789,NA18949,0,JPT,35.6245833333333,2
5,147565789,NA18950,1,JPT,25.5233333333333,2
5,147565789,NA18951,0,JPT,35.739375,2
5,147565789,NA18952,0,JPT,35.412291666666704,2
5,147565789,NA18953,0,JPT,21.903000000000002,2
5,147565789,NA18954,0,JPT,33.88,2
5,147565789,NA18956,0,JPT,35.71875,2
5,147565789,NA18957,0,JPT,34.925,2
5,147565789,NA18959,0,JPT,29.4055,2
5,147565789,NA18960,0,JPT,32.9258333333333,2
5,147565789,NA18961,0,JPT,26.173000000000002,2
5,147565789,NA18962,0,JPT,35.395,2
5,147565789,NA18963,0,JPT,31.217,2
5,147565789,NA18964,0,JPT,28.19125,2
5,147565789,NA18965,0,JPT,35.5418367346939,2
5,147565789,NA18966,0,JPT,36.78,2
5,147565789,NA18967,0,JPT,33.74,2
5,147565789,NA18968,0,JPT,36.78,2
5,147565789,NA18969,0,JPT,35.09,2
5,147565789,NA18970,0,JPT,38.78,2
5,147565789,NA18971,0,JPT,37.88,2
5,147565789,NA18972,0,JPT,33.815,2
5,147565789,NA18973,0,JPT,35.745208333333295,2
5,147565789,NA18974,0,JPT,36.76,2
5,147565789,NA18975,0,JPT,38.19,2
5,147565789,NA18976,0,JPT,38.51,2
5,147565789,NA18977,0,JPT,32.135,2
5,147565789,NA18978,0,JPT,36.29,2
5,147565789,NA18979,0,JPT,37.18,2
5,147565789,NA18980,0,JPT,35.6544,2
5,147565789,NA18981,0,JPT,38.98,2
5,147565789,NA18982,1,JPT,26.349354838709697,2
5,147565789,NA18983,1,JPT,24.251666666666697,2
5,147565789,NA18984,0,JPT,26.56125,2
5,147565789,NA18985,0,JPT,27.67,2
5,147565789,NA18986,0,JPT,26.5971875,2
5,147565789,NA18987,0,JPT,29.143333333333302,2
5,147565789,NA18988,0,JPT,29.0179166666667,2
5,147565789,NA18989,0,JPT,30.701875,2
5,147565789,NA18990,0,JPT,33.035,2
5,147565789,NA18991,0,JPT,36.5,2
5,147565789,NA18992,0,JPT,34.03,2
5,147565789,NA18993,0,JPT,37.785,2
5,147565789,NA18994,0,JPT,34.56,2
5,147565789,NA18995,0,JPT,37.33,2
5,147565789,NA18997,0,JPT,37.87,2
5,147565789,NA18998,0,JPT,37.485,2
5,147565789,NA18999,0,JPT,27.942857142857104,2
5,147565789,NA19000,1,JPT,24.3279166666667,2
5,147565789,NA19001,0,JPT,34.885,2
5,147565789,NA19002,0,JPT,29.082857142857105,2
5,147565789,NA19003,0,JPT,24.398888888888898,2
5,147565789,NA19004,1,JPT,28.5763157894737,2
5,147565789,NA19005,0,JPT,29.943333333333303,2
5,147565789,NA19006,0,JPT,34.67,2
5,147565789,NA19007,0,JPT,26.334444444444397,2
5,147565789,NA19009,0,JPT,29.01,2
5,147565789,NA19010,0,JPT,28.9477777777778,2
5,147565789,NA19011,0,JPT,35.605,2
5,147565789,NA19012,0,JPT,25.57875,2
5,147565789,NA19054,1,JPT,26.0075,2
5,147565789,NA19055,1,JPT,22.817692307692298,2
5,147565789,NA19056,1,JPT,26.57,2
5,147565789,NA19057,0,JPT,27.9222222222222,2
5,147565789,NA19058,0,JPT,27.872916666666697,2
5,147565789,NA19059,0,JPT,29.5783333333333,2
5,147565789,NA19060,0,JPT,25.33,2
5,147565789,NA19062,0,JPT,29.5572727272727,2
5,147565789,NA19063,0,JPT,29.6838095238095,2
5,147565789,NA19064,1,JPT,27.6545,2
5,147565789,NA19065,0,JPT,24.39125,2
5,147565789,NA19066,0,JPT,24.1429166666667,2
5,147565789,NA19067,0,JPT,28.625999999999998,2
5,147565789,NA19068,1,JPT,25.043548387096802,2
5,147565789,NA19070,0,JPT,27.81375,2
5,147565789,NA19072,0,JPT,34.74375,2
5,147565789,NA19074,0,JPT,34.6325,2
5,147565789,NA19075,0,JPT,32.096,2
5,147565789,NA19076,0,JPT,32.7833333333333,2
5,147565789,NA19077,0,JPT,31.665,2
5,147565789,NA19078,0,JPT,35.74375,2
5,147565789,NA19079,0,JPT,28.906,2
5,147565789,NA19080,0,JPT,29.22,2
5,147565789,NA19081,0,JPT,28.045,2
5,147565789,NA19082,0,JPT,33.56,2
5,147565789,NA19083,0,JPT,29.7757142857143,2
5,147565789,NA19084,0,JPT,28.5325,2
5,147565789,NA19085,0,JPT,33.98285714285711,2
5,147565789,NA19086,0,JPT,37.04,2
5,147565789,NA19087,0,JPT,27.46125,2
5,147565789,NA19088,0,JPT,29.1116666666667,2
5,147565789,NA19089,0,JPT,35.685,2
5,147565789,NA19090,0,JPT,36.03,2
5,147565789,NA19091,0,JPT,36.655,2
6,23613065,NA18939,0,JPT,34.915,2
6,23613065,NA18940,0,JPT,35.470833333333296,2
6,23613065,NA18941,0,JPT,35.7645833333333,2
6,23613065,NA18942,0,JPT,35.2592156862745,2
6,23613065,NA18943,0,JPT,35.71875,2
6,23613065,NA18944,0,JPT,35.6504166666667,2
6,23613065,NA18945,0,JPT,35.5022,2
6,23613065,NA18946,0,JPT,36.06,2
6,23613065,NA18947,0,JPT,35.7735416666667,2
6,23613065,NA18948,0,JPT,35.7197916666667,2
6,23613065,NA18949,0,JPT,35.6245833333333,2
6,23613065,NA18950,0,JPT,25.5233333333333,2
6,23613065,NA18951,0,JPT,35.739375,2
6,23613065,NA18952,0,JPT,35.412291666666704,2
6,23613065,NA18953,1,JPT,21.903000000000002,2
6,23613065,NA18954,0,JPT,33.88,2
6,23613065,NA18956,0,JPT,35.71875,2
6,23613065,NA18957,0,JPT,34.925,2
6,23613065,NA18959,0,JPT,29.4055,2
6,23613065,NA18960,0,JPT,32.9258333333333,2
6,23613065,NA18961,1,JPT,26.173000000000002,2
6,23613065,NA18962,0,JPT,35.395,2
6,23613065,NA18963,0,JPT,31.217,2
6,23613065,NA18964,0,JPT,28.19125,2
6,23613065,NA18965,0,JPT,35.5418367346939,2
6,23613065,NA18966,0,JPT,36.78,2
6,23613065,NA18967,0,JPT,33.74,2
6,23613065,NA18968,0,JPT,36.78,2
6,23613065,NA18969,0,JPT,35.09,2
6,23613065,NA18970,0,JPT,38.78,2
6,23613065,NA18971,0,JPT,37.88,2
6,23613065,NA18972,0,JPT,33.815,2
6,23613065,NA18973,0,JPT,35.745208333333295,2
6,23613065,NA18974,0,JPT,36.76,2
6,23613065,NA18975,0,JPT,38.19,2
6,23613065,NA18976,0,JPT,38.51,2
6,23613065,NA18977,0,JPT,32.135,2
6,23613065,NA18978,0,JPT,36.29,2
6,23613065,NA18979,0,JPT,37.18,2
6,23613065,NA18980,0,JPT,35.6544,2
6,23613065,NA18981,0,JPT,38.98,2
6,23613065,NA18982,1,JPT,26.349354838709697,2
6,23613065,NA18983,0,JPT,24.251666666666697,2
6,23613065,NA18984,0,JPT,26.56125,2
6,23613065,NA18985,0,JPT,27.67,2
6,23613065,NA18986,1,JPT,26.5971875,2
6,23613065,NA18987,0,JPT,29.143333333333302,2
6,23613065,NA18988,0,JPT,29.0179166666667,2
6,23613065,NA18989,0,JPT,30.701875,2
6,23613065,NA18990,0,JPT,33.035,2
6,23613065,NA18991,0,JPT,36.5,2
6,23613065,NA18992,0,JPT,34.03,2
6,23613065,NA18993,0,JPT,37.785,2
6,23613065,NA18994,0,JPT,34.56,2
6,23613065,NA18995,0,JPT,37.33,2
6,23613065,NA18997,0,JPT,37.87,2
6,23613065,NA18998,0,JPT,37.485,2
6,23613065,NA18999,0,JPT,27.942857142857104,2
6,23613065,NA19000,0,JPT,24.3279166666667,2
6,23613065,NA19001,0,JPT,34.885,2
6,23613065,NA19002,0,JPT,29.082857142857105,2
6,23613065,NA19003,0,JPT,24.398888888888898,2
6,23613065,NA19004,0,JPT,28.5763157894737,2
6,23613065,NA19005,0,JPT,29.943333333333303,2
6,23613065,NA19006,0,JPT,34.67,2
6,23613065,NA19007,0,JPT,26.334444444444397,2
6,23613065,NA19009,0,JPT,29.01,2
6,23613065,NA19010,0,JPT,28.9477777777778,2
6,23613065,NA19011,0,JPT,35.605,2
6,23613065,NA19012,0,JPT,25.57875,2
6,23613065,NA19054,1,JPT,26.0075,2
6,23613065,NA19055,1,JPT,22.817692307692298,2
6,23613065,NA19056,1,JPT,26.57,2
6,23613065,NA19057,0,JPT,27.9222222222222,2
6,23613065,NA19058,0,JPT,27.872916666666697,2
6,23613065,NA19059,0,JPT,29.5783333333333,2
6,23613065,NA19060,0,JPT,25.33,2
6,23613065,NA19062,0,JPT,29.5572727272727,2
6,23613065,NA19063,0,JPT,29.6838095238095,2
6,23613065,NA19064,1,JPT,27.6545,2
6,23613065,NA19065,1,JPT,24.39125,2
6,23613065,NA19066,0,JPT,24.1429166666667,2
6,23613065,NA19067,1,JPT,28.625999999999998,2
6,23613065,NA19068,0,JPT,25.043548387096802,2
6,23613065,NA19070,0,JPT,27.81375,2
6,23613065,NA19072,0,JPT,34.74375,2
6,23613065,NA19074,0,JPT,34.6325,2
6,23613065,NA19075,0,JPT,32.096,2
6,23613065,NA19076,0,JPT,32.7833333333333,2
6,23613065,NA19077,0,JPT,31.665,2
6,23613065,NA19078,0,JPT,35.74375,2
6,23613065,NA19079,0,JPT,28.906,2
6,23613065,NA19080,0,JPT,29.22,2
6,23613065,NA19081,0,JPT,28.045,2
6,23613065,NA19082,0,JPT,33.56,2
6,23613065,NA19083,0,JPT,29.7757142857143,2
6,23613065,NA19084,0,JPT,28.5325,2
6,23613065,NA19085,0,JPT,33.98285714285711,2
6,23613065,NA19086,0,JPT,37.04,2
6,23613065,NA19087,0,JPT,27.46125,2
6,23613065,NA19088,0,JPT,29.1116666666667,2
6,23613065,NA19089,0,JPT,35.685,2
6,23613065,NA19090,0,JPT,36.03,2
6,23613065,NA19091,0,JPT,36.655,2
11,27059130,NA18939,0,JPT,34.915,2
11,27059130,NA18940,0,JPT,35.470833333333296,2
11,27059130,NA18941,0,JPT,35.7645833333333,2
11,27059130,NA18942,0,JPT,35.2592156862745,2
11,27059130,NA18943,0,JPT,35.71875,2
11,27059130,NA18944,0,JPT,35.6504166666667,2
11,27059130,NA18945,0,JPT,35.5022,2
11,27059130,NA18946,0,JPT,36.06,2
11,27059130,NA18947,0,JPT,35.7735416666667,2
11,27059130,NA18948,0,JPT,35.7197916666667,2
11,27059130,NA18949,0,JPT,35.6245833333333,2
11,27059130,NA18950,0,JPT,25.5233333333333,2
11,27059130,NA18951,0,JPT,35.739375,2
11,27059130,NA18952,0,JPT,35.412291666666704,2
11,27059130,NA18953,0,JPT,21.903000000000002,2
11,27059130,NA18954,0,JPT,33.88,2
11,27059130,NA18956,0,JPT,35.71875,2
11,27059130,NA18957,0,JPT,34.925,2
11,27059130,NA18959,0,JPT,29.4055,2
11,27059130,NA18960,0,JPT,32.9258333333333,2
11,27059130,NA18961,0,JPT,26.173000000000002,2
11,27059130,NA18962,0,JPT,35.395,2
11,27059130,NA18963,0,JPT,31.217,2
11,27059130,NA18964,0,JPT,28.19125,2
11,27059130,NA18965,0,JPT,35.5418367346939,2
11,27059130,NA18966,0,JPT,36.78,2
11,27059130,NA18967,0,JPT,33.74,2
11,27059130,NA18968,0,JPT,36.78,2
11,27059130,NA18969,0,JPT,35.09,2
11,27059130,NA18970,1,JPT,38.78,2
11,27059130,NA18971,0,JPT,37.88,2
11,27059130,NA18972,0,JPT,33.815,2
11,27059130,NA18973,0,JPT,35.745208333333295,2
11,27059130,NA18974,0,JPT,36.76,2
11,27059130,NA18975,0,JPT,38.19,2
11,27059130,NA18976,1,JPT,38.51,2
11,27059130,NA18977,0,JPT,32.135,2
11,27059130,NA18978,0,JPT,36.29,2
11,27059130,NA18979,0,JPT,37.18,2
11,27059130,NA18980,0,JPT,35.6544,2
11,27059130,NA18981,1,JPT,38.98,2
11,27059130,NA18982,0,JPT,26.349354838709697,2
11,27059130,NA18983,0,JPT,24.251666666666697,2
11,27059130,NA18984,0,JPT,26.56125,2
11,27059130,NA18985,0,JPT,27.67,2
11,27059130,NA18986,0,JPT,26.5971875,2
11,27059130,NA18987,0,JPT,29.143333333333302,2
11,27059130,NA18988,0,JPT,29.0179166666667,2
11,27059130,NA18989,0,JPT,30.701875,2
11,27059130,NA18990,0,JPT,33.035,2
11,27059130,NA18991,0,JPT,36.5,2
11,27059130,NA18992,0,JPT,34.03,2
11,27059130,NA18993,0,JPT,37.785,2
11,27059130,NA18994,0,JPT,34.56,2
11,27059130,NA18995,0,JPT,37.33,2
11,27059130,NA18997,0,JPT,37.87,2
11,27059130,NA18998,1,JPT,37.485,2
11,27059130,NA18999,0,JPT,27.942857142857104,2
11,27059130,NA19000,0,JPT,24.3279166666667,2
11,27059130,NA19001,0,JPT,34.885,2
11,27059130,NA19002,0,JPT,29.082857142857105,2
11,27059130,NA19003,0,JPT,24.398888888888898,2
11,27059130,NA19004,0,JPT,28.5763157894737,2
11,27059130,NA19005,0,JPT,29.943333333333303,2
11,27059130,NA19006,0,JPT,34.67,2
11,27059130,NA19007,0,JPT,26.334444444444397,2
11,27059130,NA19009,0,JPT,29.01,2
11,27059130,NA19010,0,JPT,28.9477777777778,2
11,27059130,NA19011,0,JPT,35.605,2
11,27059130,NA19012,0,JPT,25.57875,2
11,27059130,NA19054,0,JPT,26.0075,2
11,27059130,NA19055,0,JPT,22.817692307692298,2
11,27059130,NA19056,0,JPT,26.57,2
11,27059130,NA19057,0,JPT,27.9222222222222,2
11,27059130,NA19058,0,JPT,27.872916666666697,2
11,27059130,NA19059,0,JPT,29.5783333333333,2
11,27059130,NA19060,0,JPT,25.33,2
11,27059130,NA19062,0,JPT,29.5572727272727,2
11,27059130,NA19063,0,JPT,29.6838095238095,2
11,27059130,NA19064,0,JPT,27.6545,2
11,27059130,NA19065,0,JPT,24.39125,2
11,27059130,NA19066,0,JPT,24.1429166666667,2
11,27059130,NA19067,0,JPT,28.625999999999998,2
11,27059130,NA19068,0,JPT,25.043548387096802,2
11,27059130,NA19070,0,JPT,27.81375,2
11,27059130,NA19072,0,JPT,34.74375,2
11,27059130,NA19074,0,JPT,34.6325,2
11,27059130,NA19075,0,JPT,32.096,2
11,27059130,NA19076,0,JPT,32.7833333333333,2
11,27059130,NA19077,0,JPT,31.665,2
11,27059130,NA19078,0,JPT,35.74375,2
11,27059130,NA19079,0,JPT,28.906,2
11,27059130,NA19080,0,JPT,29.22,2
11,27059130,NA19081,0,JPT,28.045,2
11,27059130,NA19082,0,JPT,33.56,2
11,27059130,NA19083,0,JPT,29.7757142857143,2
11,27059130,NA19084,0,JPT,28.5325,2
11,27059130,NA19085,0,JPT,33.98285714285711,2
11,27059130,NA19086,0,JPT,37.04,2
11,27059130,NA19087,0,JPT,27.46125,2
11,27059130,NA19088,0,JPT,29.1116666666667,2
11,27059130,NA19089,0,JPT,35.685,2
11,27059130,NA19090,0,JPT,36.03,2
11,27059130,NA19091,0,JPT,36.655,2
11,108488757,NA18939,0,JPT,34.915,2
11,108488757,NA18940,0,JPT,35.470833333333296,2
11,108488757,NA18941,0,JPT,35.7645833333333,2
11,108488757,NA18942,0,JPT,35.2592156862745,2
11,108488757,NA18943,0,JPT,35.71875,2
11,108488757,NA18944,0,JPT,35.6504166666667,2
11,108488757,NA18945,0,JPT,35.5022,2
11,108488757,NA18946,0,JPT,36.06,2
11,108488757,NA18947,0,JPT,35.7735416666667,2
11,108488757,NA18948,0,JPT,35.7197916666667,2
11,108488757,NA18949,0,JPT,35.6245833333333,2
11,108488757,NA18950,0,JPT,25.5233333333333,2
11,108488757,NA18951,0,JPT,35.739375,2
11,108488757,NA18952,0,JPT,35.412291666666704,2
11,108488757,NA18953,0,JPT,21.903000000000002,2
11,108488757,NA18954,0,JPT,33.88,2
11,108488757,NA18956,0,JPT,35.71875,2
11,108488757,NA18957,0,JPT,34.925,2
11,108488757,NA18959,0,JPT,29.4055,2
11,108488757,NA18960,0,JPT,32.9258333333333,2
11,108488757,NA18961,0,JPT,26.173000000000002,2
11,108488757,NA18962,0,JPT,35.395,2
11,108488757,NA18963,0,JPT,31.217,2
11,108488757,NA18964,0,JPT,28.19125,2
11,108488757,NA18965,0,JPT,35.5418367346939,2
11,108488757,NA18966,0,JPT,36.78,2
11,108488757,NA18967,0,JPT,33.74,2
11,108488757,NA18968,0,JPT,36.78,2
11,108488757,NA18969,0,JPT,35.09,2
11,108488757,NA18970,1,JPT,38.78,2
11,108488757,NA18971,0,JPT,37.88,2
11,108488757,NA18972,0,JPT,33.815,2
11,108488757,NA18973,0,JPT,35.745208333333295,2
11,108488757,NA18974,0,JPT,36.76,2
11,108488757,NA18975,0,JPT,38.19,2
11,108488757,NA18976,1,JPT,38.51,2
11,108488757,NA18977,0,JPT,32.135,2
11,108488757,NA18978,0,JPT,36.29,2
11,108488757,NA18979,0,JPT,37.18,2
11,108488757,NA18980,0,JPT,35.6544,2
11,108488757,NA18981,1,JPT,38.98,2
11,108488757,NA18982,0,JPT,26.349354838709697,2
11,108488757,NA18983,0,JPT,24.251666666666697,2
11,108488757,NA18984,0,JPT,26.56125,2
11,108488757,NA18985,0,JPT,27.67,2
11,108488757,NA18986,0,JPT,26.5971875,2
11,108488757,NA18987,0,JPT,29.143333333333302,2
11,108488757,NA18988,0,JPT,29.0179166666667,2
11,108488757,NA18989,0,JPT,30.701875,2
11,108488757,NA18990,0,JPT,33.035,2
11,108488757,NA18991,0,JPT,36.5,2
11,108488757,NA18992,0,JPT,34.03,2
11,108488757,NA18993,0,JPT,37.785,2
11,108488757,NA18994,0,JPT,34.56,2
11,108488757,NA18995,0,JPT,37.33,2
11,108488757,NA18997,0,JPT,37.87,2
11,108488757,NA18998,0,JPT,37.485,2
11,108488757,NA18999,0,JPT,27.942857142857104,2
11,108488757,NA19000,0,JPT,24.3279166666667,2
11,108488757,NA19001,0,JPT,34.885,2
11,108488757,NA19002,0,JPT,29.082857142857105,2
11,108488757,NA19003,0,JPT,24.398888888888898,2
11,108488757,NA19004,0,JPT,28.5763157894737,2
11,108488757,NA19005,0,JPT,29.943333333333303,2
11,108488757,NA19006,0,JPT,34.67,2
11,108488757,NA19007,0,JPT,26.334444444444397,2
11,108488757,NA19009,0,JPT,29.01,2
11,108488757,NA19010,0,JPT,28.9477777777778,2
11,108488757,NA19011,0,JPT,35.605,2
11,108488757,NA19012,0,JPT,25.57875,2
11,108488757,NA19054,0,JPT,26.0075,2
11,108488757,NA19055,0,JPT,22.817692307692298,2
11,108488757,NA19056,0,JPT,26.57,2
11,108488757,NA19057,0,JPT,27.9222222222222,2
11,108488757,NA19058,0,JPT,27.872916666666697,2
11,108488757,NA19059,0,JPT,29.5783333333333,2
11,108488757,NA19060,0,JPT,25.33,2
11,108488757,NA19062,0,JPT,29.5572727272727,2
11,108488757,NA19063,0,JPT,29.6838095238095,2
11,108488757,NA19064,0,JPT,27.6545,2
11,108488757,NA19065,0,JPT,24.39125,2
11,108488757,NA19066,0,JPT,24.1429166666667,2
11,108488757,NA19067,0,JPT,28.625999999999998,2
11,108488757,NA19068,0,JPT,25.043548387096802,2
11,108488757,NA19070,0,JPT,27.81375,2
11,108488757,NA19072,0,JPT,34.74375,2
11,108488757,NA19074,0,JPT,34.6325,2
11,108488757,NA19075,0,JPT,32.096,2
11,108488757,NA19076,0,JPT,32.7833333333333,2
11,108488757,NA19077,0,JPT,31.665,2
11,108488757,NA19078,0,JPT,35.74375,2
11,108488757,NA19079,0,JPT,28.906,2
11,108488757,NA19080,0,JPT,29.22,2
11,108488757,NA19081,0,JPT,28.045,2
11,108488757,NA19082,0,JPT,33.56,2
11,108488757,NA19083,0,JPT,29.7757142857143,2
11,108488757,NA19084,0,JPT,28.5325,2
11,108488757,NA19085,0,JPT,33.98285714285711,2
11,108488757,NA19086,0,JPT,37.04,2
11,108488757,NA19087,0,JPT,27.46125,2
11,108488757,NA19088,0,JPT,29.1116666666667,2
11,108488757,NA19089,0,JPT,35.685,2
11,108488757,NA19090,0,JPT,36.03,2
11,108488757,NA19091,0,JPT,36.655,2
15,77558997,NA18939,0,JPT,34.915,2
15,77558997,NA18940,0,JPT,35.470833333333296,2
15,77558997,NA18941,0,JPT,35.7645833333333,2
15,77558997,NA18942,0,JPT,35.2592156862745,2
15,77558997,NA18943,0,JPT,35.71875,2
15,77558997,NA18944,0,JPT,35.6504166666667,2
15,77558997,NA18945,0,JPT,35.5022,2
15,77558997,NA18946,0,JPT,36.06,2
15,77558997,NA18947,0,JPT,35.7735416666667,2
15,77558997,NA18948,0,JPT,35.7197916666667,2
15,77558997,NA18949,0,JPT,35.6245833333333,2
15,77558997,NA18950,0,JPT,25.5233333333333,2
15,77558997,NA18951,0,JPT,35.739375,2
15,77558997,NA18952,0,JPT,35.412291666666704,2
15,77558997,NA18953,0,JPT,21.903000000000002,2
15,77558997,NA18954,0,JPT,33.88,2
15,77558997,NA18956,0,JPT,35.71875,2
15,77558997,NA18957,0,JPT,34.925,2
15,77558997,NA18959,0,JPT,29.4055,2
15,77558997,NA18960,0,JPT,32.9258333333333,2
15,77558997,NA18961,0,JPT,26.173000000000002,2
15,77558997,NA18962,0,JPT,35.395,2
15,77558997,NA18963,0,JPT,31.217,2
15,77558997,NA18964,0,JPT,28.19125,2
15,77558997,NA18965,0,JPT,35.5418367346939,2
15,77558997,NA18966,0,JPT,36.78,2
15,77558997,NA18967,0,JPT,33.74,2
15,77558997,NA18968,0,JPT,36.78,2
15,77558997,NA18969,0,JPT,35.09,2
15,77558997,NA18970,1,JPT,38.78,2
15,77558997,NA18971,0,JPT,37.88,2
15,77558997,NA18972,0,JPT,33.815,2
15,77558997,NA18973,0,JPT,35.745208333333295,2
15,77558997,NA18974,0,JPT,36.76,2
15,77558997,NA18975,0,JPT,38.19,2
15,77558997,NA18976,1,JPT,38.51,2
15,77558997,NA18977,0,JPT,32.135,2
15,77558997,NA18978,0,JPT,36.29,2
15,77558997,NA18979,0,JPT,37.18,2
15,77558997,NA18980,0,JPT,35.6544,2
15,77558997,NA18981,1,JPT,38.98,2
15,77558997,NA18982,0,JPT,26.349354838709697,2
15,77558997,NA18983,0,JPT,24.251666666666697,2
15,77558997,NA18984,0,JPT,26.56125,2
15,77558997,NA18985,0,JPT,27.67,2
15,77558997,NA18986,0,JPT,26.5971875,2
15,77558997,NA18987,0,JPT,29.143333333333302,2
15,77558997,NA18988,0,JPT,29.0179166666667,2
15,77558997,NA18989,0,JPT,30.701875,2
15,77558997,NA18990,0,JPT,33.035,2
15,77558997,NA18991,0,JPT,36.5,2
15,77558997,NA18992,0,JPT,34.03,2
15,77558997,NA18993,0,JPT,37.785,2
15,77558997,NA18994,0,JPT,34.56,2
15,77558997,NA18995,0,JPT,37.33,2
15,77558997,NA18997,0,JPT,37.87,2
15,77558997,NA18998,0,JPT,37.485,2
15,77558997,NA18999,0,JPT,27.942857142857104,2
15,77558997,NA19000,0,JPT,24.3279166666667,2
15,77558997,NA19001,0,JPT,34.885,2
15,77558997,NA19002,0,JPT,29.082857142857105,2
15,77558997,NA19003,0,JPT,24.398888888888898,2
15,77558997,NA19004,0,JPT,28.5763157894737,2
15,77558997,NA19005,0,JPT,29.943333333333303,2
15,77558997,NA19006,0,JPT,34.67,2
15,77558997,NA19007,0,JPT,26.334444444444397,2
15,77558997,NA19009,0,JPT,29.01,2
15,77558997,NA19010,0,JPT,28.9477777777778,2
15,77558997,NA19011,0,JPT,35.605,2
15,77558997,NA19012,0,JPT,25.57875,2
15,77558997,NA19054,0,JPT,26.0075,2
15,77558997,NA19055,0,JPT,22.817692307692298,2
15,77558997,NA19056,0,JPT,26.57,2
15,77558997,NA19057,0,JPT,27.9222222222222,2
15,77558997,NA19058,0,JPT,27.872916666666697,2
15,77558997,NA19059,0,JPT,29.5783333333333,2
15,77558997,NA19060,0,JPT,25.33,2
15,77558997,NA19062,0,JPT,29.5572727272727,2
15,77558997,NA19063,0,JPT,29.6838095238095,2
15,77558997,NA19064,0,JPT,27.6545,2
15,77558997,NA19065,0,JPT,24.39125,2
15,77558997,NA19066,0,JPT,24.1429166666667,2
15,77558997,NA19067,0,JPT,28.625999999999998,2
15,77558997,NA19068,0,JPT,25.043548387096802,2
15,77558997,NA19070,0,JPT,27.81375,2
15,77558997,NA19072,0,JPT,34.74375,2
15,77558997,NA19074,0,JPT,34.6325,2
15,77558997,NA19075,0,JPT,32.096,2
15,77558997,NA19076,0,JPT,32.7833333333333,2
15,77558997,NA19077,0,JPT,31.665,2
15,77558997,NA19078,0,JPT,35.74375,2
15,77558997,NA19079,0,JPT,28.906,2
15,77558997,NA19080,0,JPT,29.22,2
15,77558997,NA19081,0,JPT,28.045,2
15,77558997,NA19082,0,JPT,33.56,2
15,77558997,NA19083,0,JPT,29.7757142857143,2
15,77558997,NA19084,0,JPT,28.5325,2
15,77558997,NA19085,0,JPT,33.98285714285711,2
15,77558997,NA19086,0,JPT,37.04,2
15,77558997,NA19087,0,JPT,27.46125,2
15,77558997,NA19088,0,JPT,29.1116666666667,2
15,77558997,NA19089,0,JPT,35.685,2
15,77558997,NA19090,0,JPT,36.03,2
15,77558997,NA19091,0,JPT,36.655,2
15,77623453,NA18939,0,JPT,34.915,2
15,77623453,NA18940,0,JPT,35.470833333333296,2
15,77623453,NA18941,0,JPT,35.7645833333333,2
15,77623453,NA18942,0,JPT,35.2592156862745,2
15,77623453,NA18943,0,JPT,35.71875,2
15,77623453,NA18944,0,JPT,35.6504166666667,2
15,77623453,NA18945,0,JPT,35.5022,2
15,77623453,NA18946,0,JPT,36.06,2
15,77623453,NA18947,0,JPT,35.7735416666667,2
15,77623453,NA18948,0,JPT,35.7197916666667,2
15,77623453,NA18949,0,JPT,35.6245833333333,2
15,77623453,NA18950,0,JPT,25.5233333333333,2
15,77623453,NA18951,0,JPT,35.739375,2
15,77623453,NA18952,0,JPT,35.412291666666704,2
15,77623453,NA18953,0,JPT,21.903000000000002,2
15,77623453,NA18954,0,JPT,33.88,2
15,77623453,NA18956,0,JPT,35.71875,2
15,77623453,NA18957,0,JPT,34.925,2
15,77623453,NA18959,0,JPT,29.4055,2
15,77623453,NA18960,0,JPT,32.9258333333333,2
15,77623453,NA18961,0,JPT,26.173000000000002,2
15,77623453,NA18962,0,JPT,35.395,2
15,77623453,NA18963,0,JPT,31.217,2
15,77623453,NA18964,0,JPT,28.19125,2
15,77623453,NA18965,0,JPT,35.5418367346939,2
15,77623453,NA18966,0,JPT,36.78,2
15,77623453,NA18967,0,JPT,33.74,2
15,77623453,NA18968,0,JPT,36.78,2
15,77623453,NA18969,0,JPT,35.09,2
15,77623453,NA18970,1,JPT,38.78,2
15,77623453,NA18971,0,JPT,37.88,2
15,77623453,NA18972,0,JPT,33.815,2
15,77623453,NA18973,0,JPT,35.745208333333295,2
15,77623453,NA18974,0,JPT,36.76,2
15,77623453,NA18975,0,JPT,38.19,2
15,77623453,NA18976,1,JPT,38.51,2
15,77623453,NA18977,0,JPT,32.135,2
15,77623453,NA18978,0,JPT,36.29,2
15,77623453,NA18979,0,JPT,37.18,2
15,77623453,NA18980,0,JPT,35.6544,2
15,77623453,NA18981,1,JPT,38.98,2
15,77623453,NA18982,0,JPT,26.349354838709697,2
15,77623453,NA18983,0,JPT,24.251666666666697,2
15,77623453,NA18984,0,JPT,26.56125,2
15,77623453,NA18985,0,JPT,27.67,2
15,77623453,NA18986,0,JPT,26.5971875,2
15,77623453,NA18987,0,JPT,29.143333333333302,2
15,77623453,NA18988,0,JPT,29.0179166666667,2
15,77623453,NA18989,0,JPT,30.701875,2
15,77623453,NA18990,0,JPT,33.035,2
15,77623453,NA18991,0,JPT,36.5,2
15,77623453,NA18992,0,JPT,34.03,2
15,77623453,NA18993,0,JPT,37.785,2
15,77623453,NA18994,0,JPT,34.56,2
15,77623453,NA18995,0,JPT,37.33,2
15,77623453,NA18997,0,JPT,37.87,2
15,77623453,NA18998,0,JPT,37.485,2
15,77623453,NA18999,0,JPT,27.942857142857104,2
15,77623453,NA19000,0,JPT,24.3279166666667,2
15,77623453,NA19001,0,JPT,34.885,2
15,77623453,NA19002,0,JPT,29.082857142857105,2
15,77623453,NA19003,0,JPT,24.398888888888898,2
15,77623453,NA19004,0,JPT,28.5763157894737,2
15,77623453,NA19005,0,JPT,29.943333333333303,2
15,77623453,NA19006,0,JPT,34.67,2
15,77623453,NA19007,0,JPT,26.334444444444397,2
15,77623453,NA19009,0,JPT,29.01,2
15,77623453,NA19010,0,JPT,28.9477777777778,2
15,77623453,NA19011,0,JPT,35.605,2
15,77623453,NA19012,0,JPT,25.57875,2
15,77623453,NA19054,0,JPT,26.0075,2
15,77623453,NA19055,0,JPT,22.817692307692298,2
15,77623453,NA19056,0,JPT,26.57,2
15,77623453,NA19057,0,JPT,27.9222222222222,2
15,77623453,NA19058,0,JPT,27.872916666666697,2
15,77623453,NA19059,0,JPT,29.5783333333333,2
15,77623453,NA19060,0,JPT,25.33,2
15,77623453,NA19062,0,JPT,29.5572727272727,2
15,77623453,NA19063,0,JPT,29.6838095238095,2
15,77623453,NA19064,0,JPT,27.6545,2
15,77623453,NA19065,0,JPT,24.39125,2
15,77623453,NA19066,0,JPT,24.1429166666667,2
15,77623453,NA19067,0,JPT,28.625999999999998,2
15,77623453,NA19068,0,JPT,25.043548387096802,2
15,77623453,NA19070,0,JPT,27.81375,2
15,77623453,NA19072,0,JPT,34.74375,2
15,77623453,NA19074,0,JPT,34.6325,2
15,77623453,NA19075,0,JPT,32.096,2
15,77623453,NA19076,0,JPT,32.7833333333333,2
15,77623453,NA19077,0,JPT,31.665,2
15,77623453,NA19078,0,JPT,35.74375,2
15,77623453,NA19079,0,JPT,28.906,2
15,77623453,NA19080,0,JPT,29.22,2
15,77623453,NA19081,0,JPT,28.045,2
15,77623453,NA19082,0,JPT,33.56,2
15,77623453,NA19083,0,JPT,29.7757142857143,2
15,77623453,NA19084,0,JPT,28.5325,2
15,77623453,NA19085,0,JPT,33.98285714285711,2
15,77623453,NA19086,0,JPT,37.04,2
15,77623453,NA19087,0,JPT,27.46125,2
15,77623453,NA19088,0,JPT,29.1116666666667,2
15,77623453,NA19089,0,JPT,35.685,2
15,77623453,NA19090,0,JPT,36.03,2
15,77623453,NA19091,0,JPT,36.655,2
19,23651241,NA18939,0,JPT,34.915,2
19,23651241,NA18940,0,JPT,35.470833333333296,2
19,23651241,NA18941,0,JPT,35.7645833333333,2
19,23651241,NA18942,0,JPT,35.2592156862745,2
19,23651241,NA18943,0,JPT,35.71875,2
19,23651241,NA18944,0,JPT,35.6504166666667,2
19,23651241,NA18945,0,JPT,35.5022,2
19,23651241,NA18946,0,JPT,36.06,2
19,23651241,NA18947,0,JPT,35.7735416666667,2
19,23651241,NA18948,0,JPT,35.7197916666667,2
19,23651241,NA18949,0,JPT,35.6245833333333,2
19,23651241,NA18950,0,JPT,25.5233333333333,2
19,23651241,NA18951,0,JPT,35.739375,2
19,23651241,NA18952,0,JPT,35.412291666666704,2
19,23651241,NA18953,0,JPT,21.903000000000002,2
19,23651241,NA18954,0,JPT,33.88,2
19,23651241,NA18956,0,JPT,35.71875,2
19,23651241,NA18957,0,JPT,34.925,2
19,23651241,NA18959,0,JPT,29.4055,2
19,23651241,NA18960,0,JPT,32.9258333333333,2
19,23651241,NA18961,0,JPT,26.173000000000002,2
19,23651241,NA18962,0,JPT,35.395,2
19,23651241,NA18963,0,JPT,31.217,2
19,23651241,NA18964,0,JPT,28.19125,2
19,23651241,NA18965,0,JPT,35.5418367346939,2
19,23651241,NA18966,0,JPT,36.78,2
19,23651241,NA18967,0,JPT,33.74,2
19,23651241,NA18968,0,JPT,36.78,2
19,23651241,NA18969,0,JPT,35.09,2
19,23651241,NA18970,1,JPT,38.78,2
19,23651241,NA18971,0,JPT,37.88,2
19,23651241,NA18972,0,JPT,33.815,2
19,23651241,NA18973,0,JPT,35.745208333333295,2
19,23651241,NA18974,0,JPT,36.76,2
19,23651241,NA18975,0,JPT,38.19,2
19,23651241,NA18976,1,JPT,38.51,2
19,23651241,NA18977,0,JPT,32.135,2
19,23651241,NA18978,0,JPT,36.29,2
19,23651241,NA18979,0,JPT,37.18,2
19,23651241,NA18980,0,JPT,35.6544,2
19,23651241,NA18981,1,JPT,38.98,2
19,23651241,NA18982,0,JPT,26.349354838709697,2
19,23651241,NA18983,0,JPT,24.251666666666697,2
19,23651241,NA18984,0,JPT,26.56125,2
19,23651241,NA18985,0,JPT,27.67,2
19,23651241,NA18986,0,JPT,26.5971875,2
19,23651241,NA18987,0,JPT,29.143333333333302,2
19,23651241,NA18988,0,JPT,29.0179166666667,2
19,23651241,NA18989,0,JPT,30.701875,2
19,23651241,NA18990,0,JPT,33.035,2
19,23651241,NA18991,0,JPT,36.5,2
19,23651241,NA18992,0,JPT,34.03,2
19,23651241,NA18993,0,JPT,37.785,2
19,23651241,NA18994,0,JPT,34.56,2
19,23651241,NA18995,0,JPT,37.33,2
19,23651241,NA18997,0,JPT,37.87,2
19,23651241,NA18998,0,JPT,37.485,2
19,23651241,NA18999,0,JPT,27.942857142857104,2
19,23651241,NA19000,0,JPT,24.3279166666667,2
19,23651241,NA19001,0,JPT,34.885,2
19,23651241,NA19002,0,JPT,29.082857142857105,2
19,23651241,NA19003,0,JPT,24.398888888888898,2
19,23651241,NA19004,0,JPT,28.5763157894737,2
19,23651241,NA19005,0,JPT,29.943333333333303,2
19,23651241,NA19006,0,JPT,34.67,2
19,23651241,NA19007,0,JPT,26.334444444444397,2
19,23651241,NA19009,0,JPT,29.01,2
19,23651241,NA19010,0,JPT,28.9477777777778,2
19,23651241,NA19011,0,JPT,35.605,2
19,23651241,NA19012,0,JPT,25.57875,2
19,23651241,NA19054,0,JPT,26.0075,2
19,23651241,NA19055,0,JPT,22.817692307692298,2
19,23651241,NA19056,0,JPT,26.57,2
19,23651241,NA19057,0,JPT,27.9222222222222,2
19,23651241,NA19058,0,JPT,27.872916666666697,2
19,23651241,NA19059,0,JPT,29.5783333333333,2
19,23651241,NA19060,0,JPT,25.33,2
19,23651241,NA19062,0,JPT,29.5572727272727,2
19,23651241,NA19063,0,JPT,29.6838095238095,2
19,23651241,NA19064,0,JPT,27.6545,2
19,23651241,NA19065,0,JPT,24.39125,2
19,23651241,NA19066,0,JPT,24.1429166666667,2
19,23651241,NA19067,0,JPT,28.625999999999998,2
19,23651241,NA19068,0,JPT,25.043548387096802,2
19,23651241,NA19070,0,JPT,27.81375,2
19,23651241,NA19072,0,JPT,34.74375,2
19,23651241,NA19074,0,JPT,34.6325,2
19,23651241,NA19075,0,JPT,32.096,2
19,23651241,NA19076,0,JPT,32.7833333333333,2
19,23651241,NA19077,0,JPT,31.665,2
19,23651241,NA19078,0,JPT,35.74375,2
19,23651241,NA19079,0,JPT,28.906,2
19,23651241,NA19080,0,JPT,29.22,2
19,23651241,NA19081,0,JPT,28.045,2
19,23651241,NA19082,0,JPT,33.56,2
19,23651241,NA19083,0,JPT,29.7757142857143,2
19,23651241,NA19084,0,JPT,28.5325,2
19,23651241,NA19085,0,JPT,33.98285714285711,2
19,23651241,NA19086,0,JPT,37.04,2
19,23651241,NA19087,0,JPT,27.46125,2
19,23651241,NA19088,0,JPT,29.1116666666667,2
19,23651241,NA19089,0,JPT,35.685,2
19,23651241,NA19090,0,JPT,36.03,2
19,23651241,NA19091,0,JPT,36.655,2
